10000000000
5743491774
4152436465
3298769776
2759459322
2384948468
2108247373
1894645708
1724272859
1584893192
1468540242
1369793191
1284828963
1210870145
1145847951
1088188204
1036670792
990334698
948412172
910282101
875436327
843454880
813987491
786739592
761461575
737940458
715993349
695462271
676210019
658116828
641077662
624999999
609802005
595411017
581762287
568797919
556465982
544719751
533517063
522819776
512593287
502806134
493429642
484437616
475806081
467513046
459538300
451863237
444470698
437344829
430470960
423835495
417425815
411230191
405237706
399438183
393822128
388380668
383105503
377988859
373023447
368202428
363519372
358968235
354543326
350239280
346051039
341973828
338003134
334134691
330364460
326688617
323103536
319605779
316192081
312859340
309604610
306425086
303318100
300281108
297311689
294407533
291566434
288786289
286065088
283400909
280791914
278236346
275732522
273278831
270873728
268515733
266203426
263935444
261710481
259527279
257384632
255281380
253216408
251188643
249197052
247240641
245318454
243429568
241573093
239748173
237953982
236189722
234454623
232747943
231068963
229416992
227791358
226191415
224616537
223066117
221539571
220036330
218555847
217097590
215661044
214245710
212851105
211476761
210122224
208787052
207470819
206173111
204893523
203631667
202387163
201159642
199948747
198754129
197575452
196412386
195264613
194131822
193013710
191909984
190820359
189744556
188682303
187633338
186597404
185574250
184563633
183565316
182579067
181604661
180641879
179690505
178750331
177821153
176902773
175994996
175097634
174210501
173333417
172466207
171608699
170760724
169922119
169092724
168272382
167460941
166658252
165864168
165078546
164301248
163532136
162771079
162017944
161272605
160534936
159804816
159082126
158366747
157658567
156957472
156263353
155576103
154895616
154221790
153554524
152893719
152239277
151591105
150949109
150313199
149683285
149059279
148441096
147828651
147221863
146620650
146024934
145434635
144849679
144269990
143695495
143126122
142561799
142002459
141448032
140898452
140353653
139813572
139278144
138747307
138221001
137699166
137181743
136668674
136159902
135655372
135155029
134658820
134166690
133678589
133194466
132714269
132237950
131765460
131296752
130831779
130370494
129912853
129458811
129008323
128561347
128117841
127677762
127241070
126807724
126377685
125950913
125527371
125107019
124689822
124275742
123864743
123456790
123051847
122649881
122250857
121854742
121461504
121071109
120683526
120298724
119916672
119537338
119160694
118786710
118415356
118046604
117680426
117316794
116955680
116597058
116240900
115887181
115535875
115186955
114840398
114496178
114154270
113814652
113477298
113142186
112809292
112478594
112150070
111823696
111499452
111177315
110857265
110539281
110223342
109909427
109597516
109287590
108979629
108673614
108369525
108067345
107767053
107468633
107172065
106877333
106584418
106293303
106003971
105716405
105430588
105146504
104864137
104583470
104304488
104027174
103751514
103477492
103205093
102934303
102665105
102397487
102131433
101866929
101603962
101342517
101082581
100824140
100567182
100311692
100057658
99805066
99553905
99304162
99055824
98808879
98563315
98319119
98076281
97834788
97594629
97355792
97118267
96882041
96647104
96413445
96181054
95949919
95720030
95491376
95263948
95037735
94812727
94588914
94366286
94144834
93924548
93705418
93487435
93270589
93054873
92840275
92626788
92414402
92203108
91992899
91783765
91575697
91368688
91162729
90957811
90753927
90551068
90349226
90148395
89948564
89749728
89551878
89355006
89159106
88964170
88770189
88577158
88385069
88193914
88003687
87814381
87625989
87438503
87251918
87066226
86881421
86697497
86514446
86332262
86150939
85970471
85790851
85612074
85434132
85257021
85080734
84905264
84730607
84556756
84383705
84211450
84039983
83869300
83699395
83530263
83361898
83194294
83027446
82861350
82695999
82531389
82367514
82204370
82041951
81880252
81719268
81558995
81399428
81240561
81082390
80924910
80768117
80612005
80456571
80301810
80147716
79994287
79841517
79689401
79537937
79387118
79236941
79087402
78938497
78790221
78642570
78495540
78349127
78203328
78058137
77913551
77769567
77626180
77483386
77341182
77199564
77058528
76918070
76778188
76638876
76500131
76361951
76224331
76087268
75950758
75814797
75679384
75544513
75410182
75276387
75143124
75010392
74878186
74746503
74615340
74484694
74354561
74224939
74095824
73967213
73839104
73711492
73584376
73457752
73331617
73205969
73080804
72956119
72831912
72708180
72584919
72462128
72339803
72217942
72096542
71975600
71855113
71735080
71615496
71496361
71377670
71259422
71141613
71024242
70907305
70790801
70674727
70559080
70443858
70329058
70214679
70100717
69987171
69874037
69761315
69649000
69537092
69425587
69314484
69203780
69093473
68983561
68874041
68764912
68656172
68547817
68439847
68332258
68225049
68118218
68011762
67905680
67799970
67694629
67589656
67485048
67380804
67276921
67173399
67070233
66967424
66864969
66762865
66661112
66559707
66458648
66357934
66257563
66157533
66057842
65958488
65859470
65760785
65662433
65564411
65466718
65369351
65272310
65175593
65079197
64983121
64887364
64791924
64696799
64601988
64507489
64413300
64319420
64225848
64132581
64039618
63946958
63854599
63762540
63670779
63579314
63488145
63397269
63306685
63216392
63126389
63036673
62947243
62858098
62769237
62680658
62592360
62504341
62416601
62329136
62241948
62155033
62068390
61982019
61895918
61810086
61724521
61639222
61554187
61469416
61384908
61300660
61216672
61132943
61049471
60966255
60883293
60800585
60718130
60635926
60553971
60472266
60390808
60309597
60228631
60147909
60067430
59987193
59907196
59827440
59747922
59668641
59589597
59510787
59432212
59353870
59275760
59197881
59120232
59042811
58965619
58888652
58811912
58735396
58659104
58583035
58507187
58431559
58356152
58280963
58205991
58131236
58056697
57982373
57908262
57834364
57760678
57687203
57613937
57540881
57468033
57395392
57322958
57250728
57178703
57106882
57035264
56963847
56892631
56821615
56750798
56680180
56609759
56539534
56469505
56399671
56330031
56260584
56191330
56122267
56053395
55984712
55916219
55847914
55779796
55711865
55644120
55576560
55509185
55441992
55374983
55308155
55241509
55175043
55108757
55042649
54976720
54910968
54845393
54779994
54714770
54649720
54584845
54520142
54455612
54391253
54327065
54263047
54199199
54135519
54072008
54008664
53945487
53882475
53819629
53756948
53694431
53632077
53569886
53507857
53445989
53384282
53322735
53261348
53200119
53139048
53078135
53017379
52956779
52896335
52836046
52775911
52715930
52656102
52596426
52536903
52477530
52418309
52359238
52300316
52241544
52182919
52124443
52066114
52007931
51949895
51892004
51834258
51776656
51719198
51661884
51604712
51547682
51490794
51434047
51377441
51320974
51264647
51208459
51152409
51096497
51040723
50985085
50929583
50874218
50818987
50763891
50708930
50654102
50599407
50544845
50490416
50436117
50381951
50327914
50274008
50220232
50166585
50113067
50059677
50006415
49953281
49900273
49847391
49794636
49742006
49689501
49637120
49584863
49532731
49480721
49428834
49377069
49325426
49273905
49222504
49171224
49120064
49069024
49018102
48967300
48916615
48866049
48815600
48765268
48715053
48664954
48614971
48565103
48515350
48465712
48416187
48366777
48317479
48268295
48219223
48170263
48121415
48072679
48024053
47975538
47927132
47878837
47830651
47782574
47734606
47686745
47638993
47591348
47543810
47496379
47449054
47401835
47354722
47307714
47260811
47214012
47167318
47120727
47074239
47027855
46981574
46935394
46889317
46843342
46797467
46751694
46706021
46660449
46614977
46569604
46524330
46479155
46434079
46389101
46344221
46299439
46254754
46210165
46165674
46121278
46076979
46032775
45988666
45944653
45900734
45856909
45813179
45769542
45725999
45682548
45639191
45595926
45552753
45509672
45466683
45423784
45380977
45338261
45295634
45253098
45210652
45168295
45126027
45083849
45041758
44999757
44957843
44916017
44874278
44832626
44791062
44749584
44708192
44666887
44625667
44584532
44543483
44502519
44461639
44420844
44380133
44339506
44298962
44258502
44218125
44177830
44137618
44097489
44057441
44017475
43977591
43937787
43898065
43858424
43818862
43779382
43739981
43700659
43661418
43622255
43583171
43544166
43505240
43466391
43427621
43388929
43350313
43311776
43273315
43234930
43196623
43158392
43120236
43082157
43044153
43006224
42968371
42930592
42892888
42855259
42817704
42780222
42742815
42705481
42668220
42631032
42593918
42556875
42519906
42483008
42446182
42409428
42372746
42336135
42299595
42263126
42226727
42190399
42154142
42117954
42081836
42045788
42009809
41973899
41938059
41902287
41866583
41830948
41795382
41759883
41724452
41689088
41653792
41618563
41583402
41548306
41513278
41478315
41443419
41408589
41373825
41339126
41304493
41269925
41235422
41200984
41166610
41132301
41098056
41063876
41029759
40995706
40961716
40927790
40893927
40860127
40826389
40792715
40759102
40725552
40692064
40658638
40625274
40591971
40558730
40525549
40492430
40459372
40426374
40393437
40360560
40327743
40294986
40262289
40229652
40197074
40164555
40132096
40099695
40067353
40035070
40002846
39970679
39938571
39906521
39874529
39842594
39810717
