[2 5 15 14]
[4 18 6 5]
[12 23 16 21]
[16 3 20 8]
[2 25 16 21]
[1 20 24 9]
[19 21 1 23]
[11 19 1 20]
[15 11 25 10]
[28 3 7 26]
[10 29 6 4]
[5 13 7 6]
[12 29 32 22]
[15 13 8 18]
[14 23 35 9]
[12 3 37 29]
[5 27 40 7]
[11 33 12 22]
[29 10 32 2]
[10 40 34 17]
[17 34 41 23]
[46 25 21 48]
[35 4 43 50]
[14 15 6 11]
[45 8 28 33]
[51 58 41 53]
[8 20 18 38]
[55 47 9 34]
[63 44 13 36]
[55 60 19 34]
[24 66 72 30]
[35 14 69 47]
[25 24 46 65]
[71 70 54 22]
[39 41 33 53]
[84 17 66 78]
[22 16 19 36]
[30 24 62 57]
[68 35 60 37]
[51 68 77 17]
[52 53 43 42]
[28 85 87 63]
[71 96 101 26]
[61 88 39 95]
[103 27 75 43]
[54 65 49 32]
[92 27 45 31]
[91 102 42 88]
[113 28 114 102]
[117 110 106 36]
[49 38 117 54]
[94 51 74 85]
[59 74 30 105]
[37 119 75 122]
[45 111 32 40]
[75 72 50 49]
[46 127 98 110]
[52 133 76 85]
[80 56 115 79]
[138 114 33 130]
[141 30 44 38]
[124 58 68 112]
[43 112 149 48]
[65 27 138 67]
[61 138 42 112]
[107 55 122 57]
[47 64 108 123]
[160 104 88 40]
[154 98 60 157]
[118 92 86 71]
[132 81 39 83]
[73 39 107 92]
[97 136 109 67]
[148 50 57 124]
[61 77 120 53]
[175 103 48 109]
[42 88 75 153]
[89 160 58 102]
[171 38 124 167]
[172 52 46 45]
[51 173 184 136]
[191 141 41 73]
[140 89 94 119]
[82 181 62 161]
[104 59 146 110]
[108 104 62 74]
[184 89 134 186]
[118 49 101 125]
[143 165 141 150]
[181 196 44 70]
[204 182 100 113]
[189 90 164 66]
[210 167 83 62]
[202 84 178 217]
[84 187 122 136]
[219 183 50 173]
[142 47 113 96]
[229 44 181 78]
[105 78 199 173]
[180 159 237 69]
[199 131 79 73]
[93 195 90 151]
[242 56 81 57]
[152 216 230 121]
[99 164 70 192]
[207 187 76 55]
[79 81 68 123]
[196 225 120 70]
[90 255 71 61]
[118 150 190 85]
[148 165 54 72]
[216 241 78 237]
[215 103 202 134]
[131 165 133 93]
[222 181 81 260]
[240 225 175 263]
[58 139 203 87]
[67 265 269 248]
[76 64 158 86]
[115 214 226 211]
[281 174 228 200]
[185 72 116 80]
[162 267 163 91]
[137 177 67 129]
[131 161 169 80]
[144 186 69 130]
[89 108 118 158]
[141 218 201 176]
[252 277 65 272]
[98 95 257 248]
[82 64 171 251]
[133 307 91 197]
[116 236 69 283]
[207 74 242 77]
[245 146 283 158]
[267 86 143 204]
[83 132 308 278]
[260 94 156 126]
[130 233 205 82]
[156 266 116 155]
[174 149 191 121]
[261 164 97 92]
[73 148 93 168]
[224 304 206 79]
[117 110 161 315]
[223 213 63 258]
[218 113 198 100]
[105 291 114 254]
[274 182 121 289]
[162 151 106 230]
[252 295 311 193]
[145 101 294 349]
[103 345 299 100]
[224 245 107 120]
[271 203 341 83]
[366 188 127 137]
[111 269 250 155]
[106 292 201 139]
[176 256 359 121]
[279 226 248 142]
[280 238 179 255]
[131 139 209 383]
[307 287 352 306]
[207 176 361 275]
[371 142 125 236]
[358 126 217 193]
[350 295 192 166]
[323 257 77 149]
[106 218 167 385]
[179 327 397 299]
[305 115 284 209]
[80 238 125 210]
[231 112 336 280]
[344 217 261 95]
[135 313 236 149]
[258 214 146 410]
[199 403 165 211]
[97 346 300 109]
[327 152 215 249]
[247 392 100 166]
[206 274 253 373]
[105 208 404 147]
[272 180 247 102]
[126 400 433 243]
[197 170 230 186]
[266 183 195 134]
[372 368 296 208]
[232 203 90 156]
[82 156 101 284]
[260 355 137 297]
[366 229 250 224]
[440 91 235 202]
[169 213 275 270]
[211 84 152 273]
[457 374 154 234]
[326 219 152 322]
[243 290 185 192]
[87 364 99 349]
[94 350 231 108]
[190 232 255 96]
[423 242 303 162]
[283 295 128 429]
[86 188 246 301]
[467 147 330 182]
[314 203 317 478]
[234 316 339 285]
[442 474 426 308]
[97 288 381 189]
[400 352 251 194]
[351 257 443 391]
[461 355 176 322]
[434 365 347 171]
[306 179 310 194]
[435 290 448 320]
[322 263 168 408]
[160 505 433 273]
[139 93 456 374]
[315 265 198 252]
[280 430 157 183]
[522 237 155 269]
[402 443 396 251]
[204 401 310 312]
[180 349 96 167]
[153 104 216 157]
[111 253 267 129]
[178 459 357 135]
[312 326 331 151]
[336 247 115 408]
[389 99 375 414]
[512 178 147 192]
[172 377 412 230]
[228 205 116 194]
[271 321 530 329]
[170 223 289 119]
[302 158 325 262]
[212 443 222 147]
[286 120 258 144]
[305 331 513 205]
[438 170 257 437]
[265 441 163 309]
[225 500 295 285]
[249 434 356 440]
[266 284 134 240]
[346 407 111 259]
[333 205 388 263]
[117 318 363 300]
[228 126 107 488]
[309 163 125 450]
[323 129 213 390]
[310 145 144 109]
[325 395 209 171]
[159 492 135 264]
[214 144 179 529]
[595 562 124 200]
[226 356 585 128]
[138 549 468 302]
[304 409 307 132]
[352 378 247 464]
[169 514 487 229]
[180 300 367 594]
[460 235 339 589]
[514 148 424 429]
[184 114 233 154]
[359 185 226 177]
[199 246 244 345]
[499 450 198 461]
[123 556 523 276]
[387 420 350 129]
[597 554 294 232]
[391 454 211 305]
[119 136 561 635]
[454 472 240 202]
[154 385 469 639]
[505 169 519 436]
[342 153 123 387]
[265 476 437 128]
[618 210 316 166]
[264 445 313 122]
[228 162 515 631]
[567 142 470 652]
[455 639 345 174]
[346 132 286 660]
[250 571 183 400]
[520 389 337 590]
[200 527 482 259]
[188 187 583 196]
[476 378 560 128]
[254 286 182 386]
[259 164 245 288]
[127 222 627 296]
[500 130 572 168]
[642 248 466 496]
[546 135 170 278]
[325 675 127 177]
[613 665 189 425]
[272 420 145 268]
[323 209 161 448]
[140 492 133 193]
[227 145 464 482]
[178 253 480 375]
[591 191 715 619]
[276 593 598 666]
[658 447 464 685]
[177 621 256 648]
[413 197 298 159]
[686 235 137 509]
[313 239 143 647]
[157 457 246 380]
[596 375 288 474]
[213 465 652 219]
[477 644 186 246]
[698 311 437 506]
[545 321 281 744]
[453 451 249 198]
[649 661 150 365]
[241 279 657 607]
[331 309 218 239]
[146 631 645 491]
[336 701 140 511]
[417 752 319 542]
[282 626 140 381]
[669 421 357]
[201 143 276 159]
[351 653 668 221]
[237 686 168 388]
[452 532 647 344]
[708 369 663 507]
[411 662 422 681]
[151 261 193 690]
[302 632 695 711]
[370 637 538 621]
[150 607 589 575]
[234 189 406 493]
[175 297 336 603]
[298 751 327 771]
[341 470 316 331]
[465 508 602 664]
[699 371 787 679]
[789 639 791 293]
[524 724 490 672]
[253 653 155 724]
[638 549 489 280]
[547 296 194 404]
[762 369 555 799]
[426 175 372 489]
[233 306 544 537]
[370 367 415 220]
[707 786 661 773]
[481 373 711 166]
[792 456 610 765]
[334 244 464 220]
[572 212 172 594]
[223 563 348 534]
[501 463 737 335]
[277 153 552 445]
[271 534 659 757]
[190 566 735 276]
[796 552 335 383]
[187 605 191 613]
[403 333 837 830]
[256 439 268 222]
[252 285 833 399]
[240 693 188 185]
[815 577 847 569]
[231 574 399 298]
[592 402 239 386]
[303 513 629 375]
[320 462 572 609]
[406 397 644 347]
[242 365 848 549]
[532 174 819 687]
[324 160 457 400]
[887 413 671 251]
[419 718 513 844]
[479 197 654 867]
[348 468 224 792]
[611 843 352 298]
[727 800 551 654]
[476 359 163 861]
[173 588 760 619]
[777 683 219 643]
[354 561 450 498]
[495 677 208 282]
[288 908 454 304]
[254 529 594 777]
[311 812 184 870]
[239 215 858 789]
[491 840 863 525]
[208 597 654 610]
[488 924 270 212]
[682 581 622 718]
[264 435 716 826]
[510 368 754 748]
[227 870 405 353]
[608 815 910 641]
[516 398 340 628]
[620 928]
[195 664 724 545]
[220 746 651 666]
[798 878 264 773]
[650 262 495 558]
[405 849 768 871]
[363 614 752 221]
[435 227 873 367]
[358 870 574 746]
[731 741 235 779]
[515 442 873 570]
[172 756 505 391]
[715 317 646 774]
[841 879 382 729]
[348 668 412 840]
[449 485 303 794]
[977 789 582 340]
[895 328 509 928]
[812 462 838 774]
[517 335 795 563]
[378 823 722 736]
[648 990 991 974]
[282 210 530 675]
[502 823 899 875]
[878 823 991 317]
[364 897 361 510]
[720 723 652 358]
[293 195 891 808]
[988 351 262 216]
[217 935 733 301]
[843 303 501 644]
[762 441 600 432]
[770 528 328 206]
[813 281 930 705]
[712 982 870 933]
[204 476 963 680]
[559 847 196 909]
[498 807 460 758]
[560 384 491 371]
[856 775 615 927]
[881 225 634 291]
[918 319 878 931]
[544 836 638 965]
[622 328 431 749]
[238 646 207 244]
[900 482 832]
[274 999 772]
[746 909 627 517]
[897 411 255 842]
[459 190 475 601]
[411 612 722 650]
[214 961 946 329]
[668 868 446 503]
[374 606 223 964]
[616 320 857 964]
[607 518 490 615]
[273 499 983 384]
[920 568 800 296]
[238 807 950 506]
[478 960 694 761]
[874 738 416 716]
[936 333 500 609]
[645 992 497 908]
[249 233 668 221]
[665 356 212 975]
[805 339 347 695]
[783 201 890 384]
[259 814 593 738]
[662 954 975 359]
[343 315 880 524]
[941 599 526 362]
[692 319 949]
[854 529 737 662]
[835 200 981 686]
[383 788 318 973]
[494 930 604 880]
[568 596 353 469]
[922 221 503 511]
[725 630 522 672]
[215 934 518 460]
[630 393 806 534]
[691 244 422 834]
[864 206 624 949]
[962 953 220 236]
[421 587 803 719]
[998 546 256 938]
[831 415 939 972]
[558 568 905 722]
[277 640 360 817]
[430 355 612 626]
[885 368 994 586]
[497 853 933 560]
[396 486 850 271]
[831 393 915 930]
[915 704 829 508]
[989 678 987 881]
[926 508 409 851]
[467 953 927 792]
[599 938 848 232]
[542 664 781 379]
[423 683 339 962]
[241 720 234 279]
[703 521 782 314]
[782 721 963 282]
[367 951 475 502]
[773 342 614 736]
[546 618 535 317]
[615 312 839 990]
[883 600 250 412]
[541 494 838 839]
[528 986 448 773]
[449 619 617 502]
[313 687 273 802]
[736 493 289 892]
[609 277 748 528]
[506 936 523 399]
[428 693 376 537]
[448 544 602 958]
[535 954 734 955]
[994 940 872 743]
[254 377 659 874]
[488 804 903 910]
[756 768 278 710]
[811 891 869 719]
[929 763 865 967]
[753 575 957 702]
[674 487 894 612]
[446 765 969 437]
[957 324 634 950]
[462 311 522 931]
[558 797 923 410]
[441 949 289 912]
[684 487 682 968]
[813 260 455 526]
[695 987 231 836]
[703 432 421 632]
[918 697 901 788]
[747 844 819 322]
[458 716 456 721]
[600 241 776 564]
[678 573 657 338]
[592 990 787 475]
[803 332 227 666]
[364 914 567 991]
[438 635 323 642]
[586 324 518 229]
[575 379 372 369]
[965 888 453 694]
[778 447 606 635]
[878 895 345 857]
[306 818 343 388]
[376 494 951 245]
[738 708 824 700]
[726 379 858 781]
[362 285 243 999]
[585 376 711 523]
[562 658 903 998]
[877 898 841 378]
[959 266 751 757]
[768 879 557 806]
[786 243 539 808]
[560 316 382 969]
[340 554 321 816]
[334 729 543 959]
[382 847 925 624]
[888 889 458 973]
[998 686 283 785]
[827 348 969 551]
[809 524 545 561]
[327 278 801 745]
[363 537 287 804]
[368 293 948 663]
[555 533 603 557]
[471 390 940 634]
[886 268 655 909]
[824 667 803]
[600 269 723 404]
[293 451 852 756]
[286 665 837 965]
[993 997 335 769]
[781 270 643 486]
[986 985 876 645]
[571 857 500 611]
[480 473 988]
[532 468 458 588]
[852 714 413 778]
[681 696 300 795]
[911 997]
[903 796 394 772]
[703 404 422 302]
[717 694 626 976]
[934 659 518 532]
[754 275 630 975]
[330 849 956 636]
[814 699 929 258]
[489 564 470 478]
[365 714 675 294]
[418 504 419 772]
[911 261 526 268]
[358 750 584 989]
[834 503 832 263]
[262 515 578 925]
[267 297 538 902]
[826 554 568 582]
[607 366 443 917]
[862 755 455 553]
[919 855 580 985]
[972 299 329 432]
[706 671 902 908]
[971 279 879 508]
[889 793 713 475]
[431 284 817 835]
[752 516 802 845]
[520 660 641 712]
[701 797 739 896]
[676 698 584 343]
[739 797 350]
[292 377 344 946]
[828 796 798 292]
[366 451 925 742]
[991 362 621 479]
[761 275 968 388]
[967 696 601 976]
[337 299 846 947]
[965 844 386 710]
[926 628 737 651]
[453 680 775 616]
[873 843 626 326]
[695 853 387 902]
[777 270 784 893]
[699 901 728 764]
[797 793 740 338]
[451 272 325 860]
[274 905 291 785]
[292 318 876 994]
[913 436 459 995]
[767 876 533 973]
[392 499 916]
[483 771 543 655]
[953 974 874 330]
[308 759 875 664]
[392 865 932 342]
[922 684 650 301]
[354 281 415 937]
[961 912 863 401]
[512 723 308 724]
[815 818 478 657]
[676 399 978 727]
[880 966 816 370]
[539 736 461 287]
[364 410 304 586]
[780 370 636 287]
[593 551 835 990]
[692 718 906 855]
[623 539 369 571]
[945 726 453 891]
[729 297 402 343]
[427 580 659 579]
[631 398 938 733]
[340 732 755 945]
[984 361 351 527]
[701 917 643 319]
[395 744 767 972]
[706 332 494 381]
[413 727 906 943]
[642 926 341 290]
[685 425 671 501]
[558 787 810 999]
[566 546 937 672]
[940 394 398 355]
[988 310 923 466]
[806 719 619 992]
[812 569 915 801]
[751 791 431 569]
[734 929 457 294]
[682 492 811 472]
[903 541 305 382]
[550 290 640 978]
[703 929 625 511]
[329 731 543 377]
[712 389 893 721]
[838 625 947 330]
[291 520 759 859]
[471 791 642 1000]
[520 498 770 735]
[856 414 572 531]
[689 931 918 764]
[469 889 536]
[426 813 610 629]
[663 921 309 581]
[363 551 827 479]
[907 618 892 882]
[540 334 972]
[599 461 942 492]
[678 410 502 334]
[785 438 583 885]
[346 656 853 822]
[393 576 920 953]
[766 633 647 468]
[688 477 848 481]
[713 814 922 541]
[919 337 968 604]
[799 794 927 482]
[1000 705 445 759]
[390 771 821 314]
[810 933 971 836]
[828 977 645 754]
[637 328 705 718]
[314 320 341 760]
[605 539 656 499]
[416 576 766 498]
[907 934 886 986]
[541 362 307 728]
[643 651 952 429]
[535 968 796 321]
[531 887 834 507]
[402 850 978 788]
[601 301 849 723]
[928 707 790 566]
[829 318 925 712]
[809 810 456 356]
[731 623 470 755]
[495 550 694 485]
[604 919 748 807]
[998 952 513 784]
[849 430 417 697]
[535 882 567 633]
[471 392 406]
[536 516 531 337]
[825 550 332 791]
[993 713 871 794]
[391 924 543 699]
[921 760 859 747]
[347 997 530 913]
[550 315 980 576]
[841 960 767 803]
[432 338 349 573]
[597 764 690 573]
[871 745]
[801 819 851 996]
[979 463 710 624]
[747 465 801 951]
[673 786 670 757]
[312 514 886 897]
[702 477 534]
[859 853 722 765]
[409 989 789 913]
[981 828]
[827 411 898 562]
[948 525 778 974]
[395 608 552 996]
[958 564 679]
[795 782 745 342]
[688 811 333 690]
[576 866 407 894]
[324 914 861 854]
[955 326 574 702]
[758 590 584 658]
[446 982 697 595]
[824 993 512 465]
[338 354 961 483]
[891 529 983 676]
[979 981 917 883]
[660 894 627]
[553 483 548 555]
[507 444 667]
[720 463 839 412]
[357 463 921 830]
[956 332 805 373]
[658 948 955 633]
[704 540 776 549]
[900 973 743 975]
[782 491 639 444]
[632 548 721 646]
[671 833 884 946]
[962 869 804 503]
[995 907 877 742]
[917 429 700 563]
[423 792 753 466]
[594 778 536 430]
[561 770 428 564]
[709 856 962 414]
[514 850 999 496]
[422 868 734 976]
[440 790 360 625]
[977 993]
[959 683 810 926]
[519 888 984 380]
[916 960 872 383]
[484 726 805 651]
[554 829 344 906]
[591 559 930 742]
[548 715 867 836]
[780 581 538 622]
[865 894 542 809]
[969 740 898 507]
[418 767 771 934]
[459 608 831 784]
[943 759 547 830]
[416 678 820 709]
[523 775 496 769]
[875 818 780 901]
[985 427 670 669]
[435 689 681 393]
[762 591 909 904]
[841 700 912 473]
[545 625 893 717]
[734 353 983 360]
[802 563 460 866]
[772 646 896 855]
[959 455 380 744]
[519 977 935 867]
[548 547 811 673]
[779 418 845 380]
[840 414 452 887]
[911 512 937 408]
[661 741 753 424]
[685 580 582 942]
[589 689 793 850]
[583 682 933 384]
[677 577 361 609]
[624 970 862 423]
[580 885 387 397]
[559 577 924 704]
[763 390 444 587]
[809 864 886 595]
[845 935 754 589]
[869 511 679 606]
[890 963 774 623]
[354 717 596 452]
[987 569 954 825]
[956 996 650 357]
[830 481 697 570]
[691 605 581]
[603 700 617 371]
[441 557 947 434]
[353 960 636 932]
[944 966 769 484]
[980 871 406 784]
[596 372 376]
[764 540 438 967]
[895 732 630 656]
[766 588 714 505]
[881 597 725 385]
[914 957 958 666]
[974 496 622 571]
[653 901 397 395]
[814 879 486 638]
[450 592 425 848]
[479 579 575 481]
[920 899 776 360]
[786 486 775 567]
[728 970 632 439]
[559 715 826 522]
[562 904 484 747]
[586 374 517 524]
[634 616 670 740]
[935 672 490 983]
[808 691 617 912]
[436 676 833 687]
[648 657 405 885]
[484 889 943 923]
[753 920 854 542]
[906 527 947 868]
[504 908 473 860]
[910 827 815 436]
[915 693 741 976]
[649 577 509 776]
[656 509 980 992]
[918 739 735 706]
[681 714 899 762]
[749 408 528 515]
[996 769 601 628]
[846 820 416 941]
[480 538 673 618]
[566 708 854 674]
[825 405 851 553]
[565 738 982 420]
[997 790 379 497]
[665 750 730 950]
[896 674 640 816]
[942 936 884 537]
[521 725 693 954]
[688 663 644 427]
[409 864 733 418]
[527 373 928 684]
[627 855 757 843]
[1000 620 501 728]
[750 795 867 637]
[916 698 952 480]
[680 846 890 839]
[822 675 587 533]
[802 519 877 525]
[415 846 845 825]
[649 381 386 419]
[533 944 426 756]
[447 984 469 433]
[497 521 396 970]
[989 943 592 905]
[713 516 941 510]
[816 821 487 955]
[938 808 882 389]
[614 948 631 474]
[992 608 817 857]
[826 613 842 447]
[385 882 467 862]
[691 902 595 979]
[401 420 424 949]
[654 637 584 583]
[875 944 763 963]
[710 660 570 761]
[770 536 612 821]
[783 689]
[904 485 944 761]
[942 774 449 980]
[978 842 856 641]
[921 628 805 685]
[743 956 488 984]
[428 649 798 472]
[785 394 967 696]
[655 732 709 914]
[396 873 471 865]
[452 945 421 579]
[556 614 766 860]
[735 758 394 555]
[730 582 591 946]
[979 424 896 615]
[401 707 673 847]
[988 439 840 872]
[504 530 517 729]
[945 869 696 458]
[629 525 748 862]
[749 623 779 788]
[565 698 611 483]
[744 833 445 585]
[940 403 661 574]
[837 731 971 951]
[893 611 398 995]
[440 822 823 670]
[987 684 820 781]
[635 932 751 895]
[877 777 473 800]
[587 872 590 831]
[737 544 806 829]
[874 851 749 900]
[804 720 603 743]
[939 655 647 605]
[820 834 667 911]
[745 641 531 905]
[732 794 490 431]
[783 669 798 730]
[669 407 454 888]
[439 966 711 621]
[707 578 822 832]
[892 861 876 521]
[970 852 964 863]
[652 900 957 838]
[716 719 449 510]
[866 779 472 653]
[552 474 709 780]
[403 599 964 790]
[1000 705 981 799]
[493 899 916 994]
[692 883 817 758]
[986 746 442 837]
[604 602 462 598]
[807 617 883 910]
[613 755 864]
[923 733 593 866]
[890 506 783 922]
[799 407 824 704]
[813 620 578 638]
[588 730 966 725]
[740 741 763 913]
[677 907 739 674]
[859 610 680 444]
[752 760 602 556]
[629 565 742 842]
[547 565 526 828]
[417 819 433 852]
[557 425 677 919]
[941 844 765 818]
[578 939 952 904]
[556 428 812 884]
[427 717 858 598]
[950 493 442 701]
[692 633 579 485]
[590 881 606 800]
[868 860 648 924]
[667 466 884 688]
[417 489 616 861]
[939 495 793 687]
[504 726 937 598]
[446 434 768 662]
[971 880 477 702]
[835 958 892 467]
[936 887 787 750]
[858 931 553 690]
[640 821 679 573]
[982 832 419 683]
[927 897 961 727]
[863 932 706 898]
[985 540 636 620]
[708 585 995 570]
